pointSetVector =

     7   104
   349   112
    15   142
   238   247
     7   263
   311   159
    91   222
   314    24
    58   219
   184   341
   155   318
   352   146
   116   194
   206   131
   156   259
   286    83
    48   257
   208   112
   151   248
   308   296
   105    91
   319   107
   143   328
   264    41
   120   135
   263     3
    65   208
   359   314
   115   229
   336    47